#(carId,StartTime,RoadId...)
(10087, 1, 5029, 5018, 5007, 5001, 5000)
(10119, 1, 5039, 5028, 5017, 5006, 5000)
(10082, 1, 5040, 5034, 5028, 5017, 5006, 5000)
(10008, 1, 5049, 5038, 5027, 5016, 5005)
(10127, 1, 5028, 5017, 5006)
(10006, 1, 5029, 5018, 5007, 5001)
(10012, 1, 5034, 5028, 5017, 5006)
(10023, 1, 5034, 5028, 5017, 5006)
(10116, 1, 5041, 5030, 5019, 5008, 5002, 5001)
(10072, 1, 5052, 5041, 5030, 5019, 5008, 5002, 5001)
(10024, 1, 5038, 5027, 5016, 5005, 5000, 5001, 5002, 5003)
(10020, 1, 5046, 5047, 5042, 5031, 5020, 5009)
(10124, 1, 5047, 5042, 5031, 5020, 5009)
(10031, 1, 5056, 5057, 5058, 5053, 5042, 5031, 5020, 5009)
(10091, 1, 5053, 5042, 5031, 5020, 5009)
(10108, 1, 5038, 5027, 5016)
(10009, 1, 5043, 5032, 5021, 5015, 5014, 5013, 5012)
(10057, 1, 5055, 5050, 5045, 5040, 5035, 5030, 5019)
(10111, 1, 5050, 5045, 5040, 5035, 5030, 5019)
(10085, 1, 5058, 5053, 5042, 5031, 5020, 5015)
(10099, 1, 5054, 5043, 5032, 5021)
(10035, 1, 5005, 5016, 5027)
(10062, 1, 5008, 5019, 5030)
(10077, 1, 5007, 5018, 5029, 5040)
(10114, 1, 5011, 5012, 5013, 5014, 5020, 5031, 5042, 5048)
(10084, 1, 5014, 5020, 5031, 5042, 5048)
(10110, 1, 5020, 5031, 5042, 5048)
(10098, 1, 5021, 5032, 5043)
(10101, 1, 5017, 5028, 5039, 5044, 5049)
(10122, 1, 5017, 5028, 5039, 5044, 5049)
(10036, 1, 5016, 5027, 5033, 5039, 5050)
(10017, 1, 5018, 5023, 5028, 5039, 5050)
(10069, 1, 5018, 5023, 5028, 5039, 5050)
(10052, 1, 5028, 5039, 5050)
(10100, 1, 5028, 5039, 5050)
(10117, 1, 5023, 5029, 5040, 5051)
(10050, 1, 5024, 5030, 5041, 5052)
(10001, 1, 5030, 5041, 5052)
(10028, 1, 5003, 5009, 5020, 5031, 5042, 5053)
(10054, 1, 5012, 5013, 5019, 5025, 5031, 5042, 5053)
(10000, 1, 5024, 5025, 5031, 5042, 5053)
(10105, 1, 5025, 5031, 5042, 5048, 5054)
(10067, 1, 5032, 5043, 5054)
(10037, 1, 5027, 5016, 5005)
(10093, 1, 5027, 5016, 5005)
(10044, 1, 5031, 5025, 5019, 5013, 5007, 5001)
(10073, 1, 5036, 5030, 5019, 5013, 5007, 5001)
(10080, 1, 5037, 5031, 5025, 5019, 5013, 5007, 5001)
(10030, 1, 5039, 5028, 5017, 5006)
(10076, 1, 5051, 5040, 5029, 5018, 5007, 5001)
(10086, 1, 5044, 5045, 5040, 5029, 5018, 5007)
(10095, 1, 5032, 5021, 5010)
(10033, 1, 5057, 5052, 5041, 5030, 5019, 5014, 5009, 5004)
(10038, 1, 5053, 5042, 5031, 5020, 5009, 5004)
(10083, 1, 5054, 5043, 5032, 5021, 5010)
(10003, 1, 5052, 5041, 5030, 5019, 5013, 5012, 5011)
(10066, 1, 5053, 5042, 5031, 5025, 5019, 5013, 5012, 5011)
(10042, 1, 5049, 5044, 5045, 5040, 5029, 5018)
(10074, 1, 5051, 5040, 5029, 5023)
(10096, 1, 5052, 5041, 5035, 5029, 5023)
(10025, 1, 5053, 5042, 5031, 5025)
(10034, 1, 5001, 5002, 5003, 5009, 5020, 5031)
(10090, 1, 5003, 5009, 5020, 5031)
(10118, 1, 5016, 5027, 5033, 5039)
(10081, 1, 5013, 5019, 5030, 5041)
(10045, 1, 5001, 5002, 5008, 5019, 5025, 5031, 5042)
(10048, 1, 5005, 5016, 5027, 5038, 5049)
(10065, 1, 5007, 5018, 5029, 5040, 5045, 5050, 5055)
(10002, 1, 5016, 5027, 5038, 5049)
(10018, 1, 5027, 5038, 5049)
(10107, 1, 5009, 5014, 5019, 5030, 5035, 5040, 5051)
(10104, 1, 5018, 5029, 5040, 5051)
(10061, 1, 5015, 5014, 5019, 5030, 5041, 5052)
(10041, 1, 5030, 5041, 5052)
(10047, 1, 5030, 5041, 5052)
(10125, 1, 5019, 5025, 5031, 5042, 5048, 5054, 5059)
(10021, 1, 5021, 5032, 5043, 5054, 5059)
(10103, 1, 5000, 5006, 5012, 5013, 5014, 5020, 5031, 5042, 5048, 5054)
(10060, 1, 5023, 5029, 5035, 5036, 5042, 5048, 5054)
(10112, 1, 5031, 5042, 5048, 5054)
(10029, 1, 5032, 5043, 5054)
(10088, 1, 5032, 5043, 5054)
(10016, 1, 5035, 5029, 5023, 5017, 5006, 5000)
(10046, 1, 5030, 5019, 5013, 5012, 5006, 5000)
(10064, 1, 5031, 5020, 5014, 5013, 5012, 5006, 5000)
(10005, 1, 5028, 5017, 5006)
(10102, 1, 5028, 5017, 5006)
(10120, 1, 5033, 5027, 5022, 5017, 5006)
(10004, 1, 5035, 5029, 5023, 5017, 5006)
(10007, 1, 5031, 5020, 5014, 5013, 5012, 5006)
(10010, 1, 5051, 5040, 5029, 5023, 5017, 5006)
(10089, 1, 5030, 5019, 5008, 5002)
(10094, 1, 5030, 5019, 5008)
(10058, 1, 5032, 5026, 5020, 5014, 5008)
(10113, 1, 5044, 5045, 5040, 5029, 5024, 5019, 5014, 5009)
(10040, 4, 5049, 5038, 5033, 5034, 5035, 5036, 5037, 5032, 5021, 5010)
(10026, 4, 5039, 5028, 5017, 5011)
(10106, 4, 5039, 5028, 5017, 5011)
(10092, 4, 5040, 5035, 5030, 5024, 5023, 5017, 5011)
(10121, 4, 5051, 5040, 5035, 5030, 5024, 5023, 5017, 5011)
(10043, 4, 5040, 5035, 5030, 5024, 5018)
(10123, 4, 5059, 5054, 5043, 5032, 5021, 5015)
(10013, 4, 5053, 5048, 5043, 5032, 5021)
(10071, 4, 5058, 5052, 5041, 5030)
(10055, 4, 5001, 5007, 5018, 5024, 5030)
(10049, 4, 5003, 5004, 5010, 5021, 5032, 5037)
(10115, 4, 5006, 5017, 5028, 5039)
(10015, 4, 5005, 5011, 5017, 5023, 5024, 5030, 5041)
(10059, 4, 5003, 5004, 5010, 5021, 5032, 5043, 5048)
(10022, 4, 5003, 5004, 5010, 5021, 5032, 5043)
(10051, 4, 5013, 5014, 5015, 5021, 5032, 5043)
(10053, 4, 5013, 5014, 5015, 5021, 5032, 5043)
(10078, 4, 5007, 5018, 5024, 5030, 5035, 5034, 5033, 5038, 5049, 5055)
(10109, 4, 5022, 5027, 5038, 5049, 5055)
(10068, 4, 5010, 5021, 5032, 5037, 5036, 5035, 5040, 5051)
(10063, 4, 5027, 5038, 5049, 5055, 5056)
(10011, 4, 5024, 5030, 5035, 5040, 5051)
(10032, 4, 5017, 5028, 5033, 5038, 5049, 5055, 5056, 5057)
(10079, 4, 5024, 5030, 5041, 5052)
(10126, 4, 5004, 5010, 5021, 5032, 5043, 5054, 5059)
(10097, 4, 5028, 5033, 5038, 5049, 5055, 5056, 5057, 5058)
(10019, 4, 5024, 5030, 5036, 5037, 5043, 5054, 5059)
(10056, 4, 5030, 5036, 5037, 5043, 5054, 5059)
(10039, 4, 5015, 5021, 5032, 5043, 5054)
(10014, 4, 5030, 5036, 5037, 5043, 5054)
(10070, 4, 5025, 5031, 5037, 5043, 5054)
(10075, 4, 5031, 5037, 5043, 5054)
(10027, 4, 5032, 5043, 5054)
